nlower= 90210, nupper= 90210, ndiag= 10952 ssize=101162
*** ICCG iteration **
       No.       Error
         0   1.00000e+00
         1   4.68880e-01
         2   2.77793e-01
         3   1.99384e-01
         4   1.31197e-01
         5   9.92757e-02
         6   7.00801e-02
         7   5.32616e-02
         8   3.61251e-02
         9   2.07279e-02
        10   1.32309e-02
        11   8.10937e-03
        12   4.63328e-03
        13   2.79029e-03
        14   2.04982e-03
        15   1.45971e-03
        16   9.72361e-04
        17   6.82800e-04
        18   4.95056e-04
        19   3.28753e-04
        20   2.56519e-04
        21   2.50988e-04
        22   2.42130e-04
        23   2.15945e-04
        24   2.25814e-04
        25   2.16392e-04
        26   1.50032e-04
        27   8.44793e-05
        28   4.60211e-05
        29   3.19960e-05
        30   3.21728e-05
        31   3.08647e-05
        32   2.42426e-05
        33   1.46886e-05
        34   8.43065e-06
        35   4.75439e-06
        36   2.68132e-06
        37   1.74871e-06
        38   1.20018e-06
        39   8.06904e-07
        40   5.51308e-07
        41   3.52893e-07
        42   2.11014e-07
        43   1.42615e-07
        44   1.18183e-07
        45   1.03165e-07
        46   7.75234e-08
        47   5.57837e-08
        48   4.35276e-08
        49   3.02927e-08
        50   1.78375e-08
        51   9.87216e-09
        52   6.40882e-09
        53   4.41470e-09
        54   2.54843e-09
        55   1.34788e-09
        56   8.00463e-10
        57   5.86057e-10
        58   4.12127e-10
        59   2.42702e-10
        60   1.47209e-10
        61   7.78127e-11
        62   4.35448e-11
        63   2.63601e-11
        64   1.70056e-11
        65   1.08721e-11
        66   6.57973e-12
        67   4.29675e-12
        68   2.70402e-12
        69   1.60973e-12
        70   9.47012e-13
        71   5.16863e-13
        72   2.70073e-13
        73   1.50883e-13
        74   9.11629e-14
        75   5.68937e-14
        76   3.78480e-14
        77   2.16745e-14
        78   1.21761e-14
        79   7.00319e-15
        80   4.04995e-15
        81   2.57740e-15
        82   1.93044e-15
        83   1.91468e-15
        84   2.41485e-15
        85   3.36953e-15
        86   5.46582e-15
        87   9.07569e-15
        88   1.48627e-14
        89   2.68275e-14
        90   5.15235e-14
        91   9.77679e-14
        92   1.78913e-13
        93   3.44767e-13
        94   6.83574e-13
        95   1.25990e-12
        96   2.22417e-12
        97   3.85097e-12
        98   6.57938e-12
        99   1.12872e-11
        99   1.12872e-11
*** ICCG doesn't converge ***
        83   1.91468e-15

**********  EMPY_Solver::EMPY_Solver:1:           2.03000e-01       (sec)
